[gd_scene load_steps=3 format=2]

[ext_resource path="res://Props/Cafe/CafeChair .tscn" type="PackedScene" id=1]
[ext_resource path="res://Props/Cafe/CafeTable .tscn" type="PackedScene" id=2]

[node name="Cafe" type="Spatial"]

[node name="CafeTable " parent="." instance=ExtResource( 2 )]
transform = Transform( 1, 0, 0, 0, 1, 0, 0, 0, 1, -3, 0.831, 2 )

[node name="CafeChair " parent="." instance=ExtResource( 1 )]
transform = Transform( 1, 0, 0, 0, 1, 0, 0, 0, 1, -2.9263, 0, 1.06358 )

[node name="CafeChair 2" parent="." instance=ExtResource( 1 )]
transform = Transform( -0.948235, 0, -0.317569, 0, 1, 0, 0.317569, 0, -0.948235, -2.9263, 0, 3.10908 )

[node name="CafeChair 3" parent="." instance=ExtResource( 1 )]
transform = Transform( 0.675024, 0, 0.737796, 0, 1, 0, -0.737796, 0, 0.675024, -3.93229, 0, 1.84354 )

[node name="CafeChair 4" parent="." instance=ExtResource( 1 )]
transform = Transform( -0.0435499, 0, -0.999051, 0, 1, 0, 0.999051, 0, -0.0435499, -2.15108, 0, 1.90882 )

[node name="CafeTable 2" parent="." instance=ExtResource( 2 )]
transform = Transform( -0.321654, 0, 0.946857, 0, 1, 0, -0.946857, 0, -0.321654, -8.36632, 0.831, 6.59255 )

[node name="CafeChair 5" parent="." instance=ExtResource( 1 )]
transform = Transform( -0.321654, 0, 0.946857, 0, 1, 0, -0.946857, 0, -0.321654, -9.27668, 0, 6.82397 )

[node name="CafeChair 6" parent="." instance=ExtResource( 1 )]
transform = Transform( 0.605697, 0, -0.795695, 0, 1, 0, 0.795695, 0, 0.605697, -7.33988, 0, 6.16602 )

[node name="CafeChair 7" parent="." instance=ExtResource( 1 )]
transform = Transform( -0.915712, 0, 0.401836, 0, 1, 0, -0.401836, 0, -0.915712, -8.21459, 0, 7.52562 )

[node name="CafeChair 8" parent="." instance=ExtResource( 1 )]
transform = Transform( 0.959967, 0, 0.280114, 0, 1, 0, -0.280114, 0, 0.959967, -8.72572, 0, 5.81807 )

[node name="CafeTable 3" parent="." instance=ExtResource( 2 )]
transform = Transform( -0.321654, 0, 0.946857, 0, 1, 0, -0.946857, 0, -0.321654, -10.0089, 0.831, 2.77026 )

[node name="CafeChair 9" parent="." instance=ExtResource( 1 )]
transform = Transform( 0.652469, 0, 0.757816, 0, 1, 0, -0.757816, 0, 0.652469, -10.7562, 0, 2.20674 )

[node name="CafeChair 10" parent="." instance=ExtResource( 1 )]
transform = Transform( 0.325321, 0, -0.945604, 0, 1, 0, 0.945604, 0, 0.325321, -8.98244, 0, 2.34374 )

[node name="CafeChair 11" parent="." instance=ExtResource( 1 )]
transform = Transform( -0.915712, 0, 0.401836, 0, 1, 0, -0.401836, 0, -0.915712, -9.85714, 0, 3.70333 )

[node name="CafeTable 4" parent="." instance=ExtResource( 2 )]
transform = Transform( -0.321654, 0, 0.946857, 0, 1, 0, -0.946857, 0, -0.321654, -3.79029, 0.831, 6.72962 )

[node name="CafeChair 12" parent="." instance=ExtResource( 1 )]
transform = Transform( 0.325321, 0, -0.945604, 0, 1, 0, 0.945604, 0, 0.325321, -2.76385, 0, 6.3031 )

[node name="CafeChair 13" parent="." instance=ExtResource( 1 )]
transform = Transform( -0.451096, 0, 0.892475, 0, 1, 0, -0.892475, 0, -0.451096, -4.59035, 0, 7.21827 )
